INTGRL        1    0    1    0    0    0    0    0    0
         *** ACES2 Program System (Release V0.1) *** 
CO2
    3    0            0.10E-08              0    0
   9999.00      3.00
          8.00000000    1    3    3    2    1
O #1      0.000000000000      0.000000000000     -2.145166857910
    5    1
    12893.5910000000        0.0006893000
     1934.0944000000        0.0053219000
      440.1727200000        0.0272050000
      124.5025600000        0.1044029000
       40.3489920000        0.2916734000
    2    2
       14.2720490000        1.0000000000        0.0000000000
        5.2801975000        0.0000000000        1.0000000000
    2    2
        1.0132723000        1.0000000000        0.0000000000
        0.3028981000        0.0000000000        1.0000000000
    3    1
       34.4965250000        0.0159181000
        7.7566556000        0.0997476000
        2.2820825000        0.3104920000
    2    2
        0.7169287000        1.0000000000        0.0000000000
        0.2146206000        0.0000000000        1.0000000000
    1    1
        1.2000000000        1.0000000000
          6.00000000    1    3    3    2    1
C #2      0.000000000000      0.000000000000     -0.000000000006
    5    1
     7156.1744000000        0.0006699000
     1073.4735000000        0.0051710000
      244.3065600000        0.0264024000
       69.0834620000        0.1009319000
       22.3409630000        0.2802866000
    2    2
        7.8524164000        1.0000000000        0.0000000000
        2.8791374000        0.0000000000        1.0000000000
    2    2
        0.5194815000        1.0000000000        0.0000000000
        0.1593198000        0.0000000000        1.0000000000
    3    1
       18.7360050000        0.0140064000
        4.1363791000        0.0868683000
        1.2005194000        0.2899842000
    2    2
        0.3834848000        1.0000000000        0.0000000000
        0.1212946000        0.0000000000        1.0000000000
    1    1
        0.8000000000        1.0000000000
          8.00000000    1    3    3    2    1
O #3      0.000000000000      0.000000000000      2.145166857914
    5    1
    12893.5910000000        0.0006893000
     1934.0944000000        0.0053219000
      440.1727200000        0.0272050000
      124.5025600000        0.1044029000
       40.3489920000        0.2916734000
    2    2
       14.2720490000        1.0000000000        0.0000000000
        5.2801975000        0.0000000000        1.0000000000
    2    2
        1.0132723000        1.0000000000        0.0000000000
        0.3028981000        0.0000000000        1.0000000000
    3    1
       34.4965250000        0.0159181000
        7.7566556000        0.0997476000
        2.2820825000        0.3104920000
    2    2
        0.7169287000        1.0000000000        0.0000000000
        0.2146206000        0.0000000000        1.0000000000
    1    1
        1.2000000000        1.0000000000
FINISH
